
ML-NNNN-Int	3	50000	1000	20	5	22237	1024
0	 0.514765991	 0.000147925	0.030609
1	 0.279134801	 0.000146260	0.031773
2	-0.006507812	 0.001393005	-0.028127
3	-0.001859375	 0.001446904	0.005284
4	 0.032042969	 0.001509381	-0.021926
Receive-Probability= 0.867966
Avergae - Steps	= 0.000000
Bias				= 0.083333

ML-NNNN-Int	3	50000	1000	20	5	22237	1024
0	 0.514876465	 0.000153841	0.033264
1	 0.279254327	 0.000152023	0.038918
2	-0.007392578	 0.001504276	0.031473
3	 0.001859375	 0.001550267	0.018150
4	 0.031042969	 0.001639827	-0.020894
Receive-Probability= 0.774600
Avergae - Steps	= 4.298842
Bias				= 0.083333
